additive0-01/08.png 39.785 0.951 4.619
additive0-01/12.png 39.772 0.968 4.620
additive0-01/01.png 40.207 0.958 4.768
additive0-01/02.png 39.782 0.946 4.773
additive0-01/06.png 39.805 0.958 4.773
additive0-01/04.png 39.770 0.975 4.772
additive0-01/03.png 40.053 0.966 4.774
additive0-01/05.png 39.825 0.967 4.775
additive0-01/11.png 39.764 0.962 4.619
additive0-01/09.png 39.790 0.966 4.622
additive0-01/10.png 39.815 0.966 4.620
additive0-01/07.png 39.988 0.960 4.765
additive0-03/08.png 30.432 0.713 4.306
additive0-03/12.png 30.479 0.798 4.304
additive0-03/01.png 31.090 0.775 4.550
additive0-03/02.png 30.401 0.698 4.517
additive0-03/06.png 30.426 0.760 4.527
additive0-03/04.png 30.425 0.836 4.543
additive0-03/03.png 30.473 0.777 4.539
additive0-03/05.png 30.421 0.803 4.542
additive0-03/11.png 30.437 0.770 4.314
additive0-03/09.png 30.430 0.793 4.309
additive0-03/10.png 30.501 0.784 4.305
additive0-03/07.png 30.917 0.779 4.550
additive0-05/08.png 26.019 0.511 4.105
additive0-05/12.png 26.050 0.626 4.114
additive0-05/01.png 26.658 0.604 4.405
additive0-05/02.png 26.051 0.502 4.370
additive0-05/06.png 26.031 0.596 4.364
additive0-05/04.png 26.061 0.692 4.388
additive0-05/03.png 26.050 0.605 4.376
additive0-05/05.png 26.049 0.655 4.383
additive0-05/11.png 26.011 0.585 4.115
additive0-05/09.png 26.031 0.634 4.115
additive0-05/10.png 26.052 0.601 4.118
additive0-05/07.png 26.374 0.601 4.389
additive0-10/08.png 20.091 0.264 3.737
additive0-10/12.png 20.125 0.365 3.710
additive0-10/01.png 20.448 0.345 4.152
additive0-10/02.png 20.059 0.267 4.021
additive0-10/06.png 20.184 0.382 4.017
additive0-10/04.png 20.268 0.452 4.149
additive0-10/03.png 20.152 0.368 4.130
additive0-10/05.png 20.108 0.434 4.138
additive0-10/11.png 20.083 0.324 3.788
additive0-10/09.png 20.128 0.396 3.773
additive0-10/10.png 20.107 0.340 3.762
additive0-10/07.png 20.497 0.371 4.123
blur0-50/08.png 41.939 0.987 4.673
blur0-50/12.png 38.208 0.979 4.601
blur0-50/01.png 34.523 0.976 4.672
blur0-50/02.png 41.373 0.986 4.795
blur0-50/06.png 34.885 0.982 4.699
blur0-50/04.png 37.428 0.988 4.717
blur0-50/03.png 36.884 0.985 4.747
blur0-50/05.png 36.646 0.990 4.676
blur0-50/11.png 39.132 0.984 4.616
blur0-50/09.png 33.658 0.974 4.554
blur0-50/10.png 38.160 0.975 4.600
blur0-50/07.png 34.879 0.977 4.666
blur1-00/08.png 33.160 0.914 4.384
blur1-00/12.png 29.382 0.851 4.302
blur1-00/01.png 26.086 0.855 4.405
blur1-00/02.png 32.212 0.897 4.565
blur1-00/06.png 26.244 0.872 4.424
blur1-00/04.png 28.180 0.891 4.442
blur1-00/03.png 27.950 0.904 4.485
blur1-00/05.png 27.287 0.918 4.376
blur1-00/11.png 30.601 0.878 4.317
blur1-00/09.png 25.557 0.799 4.278
blur1-00/10.png 29.566 0.848 4.299
blur1-00/07.png 26.252 0.886 4.382
blur1-50/08.png 30.155 0.859 4.292
blur1-50/12.png 26.773 0.744 4.233
blur1-50/01.png 23.828 0.774 4.349
blur1-50/02.png 29.202 0.840 4.477
blur1-50/06.png 23.821 0.784 4.355
blur1-50/04.png 25.248 0.792 4.360
blur1-50/03.png 25.293 0.835 4.399
blur1-50/05.png 24.117 0.837 4.299
blur1-50/11.png 28.072 0.791 4.245
blur1-50/09.png 24.100 0.707 4.228
blur1-50/10.png 26.966 0.758 4.231
blur1-50/07.png 23.452 0.815 4.316
blur10-0/08.png 20.935 0.619 4.925
blur10-0/12.png 20.347 0.434 4.957
blur10-0/01.png 17.715 0.529 4.988
blur10-0/02.png 20.208 0.618 4.929
blur10-0/06.png 17.684 0.507 4.948
blur10-0/04.png 17.591 0.371 4.937
blur10-0/03.png 17.257 0.485 4.961
blur10-0/05.png 15.401 0.421 4.971
blur10-0/11.png 20.631 0.490 4.979
blur10-0/09.png 19.196 0.454 4.945
blur10-0/10.png 20.108 0.474 4.949
blur10-0/07.png 16.159 0.506 4.989
