0001_NOISY_SRGB_081.PNG 31.179 0.742 1.968
0001_NOISY_SRGB_048.PNG 31.364 0.744 1.970
0001_NOISY_SRGB_050.PNG 31.351 0.744 1.975
0001_NOISY_SRGB_059.PNG 31.310 0.743 1.977
0001_NOISY_SRGB_106.PNG 31.255 0.742 1.932
0001_NOISY_SRGB_149.PNG 31.261 0.743 1.943
0001_NOISY_SRGB_113.PNG 31.316 0.743 1.938
0001_NOISY_SRGB_010.PNG 31.369 0.743 1.970
0001_NOISY_SRGB_111.PNG 31.324 0.743 1.945
0001_NOISY_SRGB_098.PNG 31.163 0.741 1.943
0001_NOISY_SRGB_115.PNG 31.323 0.743 1.945
0001_NOISY_SRGB_042.PNG 31.380 0.744 1.981
0001_NOISY_SRGB_069.PNG 31.190 0.742 1.972
0001_NOISY_SRGB_145.PNG 31.299 0.743 1.950
0001_NOISY_SRGB_087.PNG 31.086 0.741 1.973
0001_NOISY_SRGB_073.PNG 31.326 0.743 1.966
0001_NOISY_SRGB_143.PNG 31.267 0.743 1.941
0001_NOISY_SRGB_057.PNG 31.344 0.744 1.977
0001_NOISY_SRGB_070.PNG 31.176 0.742 1.963
0001_NOISY_SRGB_045.PNG 31.369 0.744 1.981
0001_NOISY_SRGB_062.PNG 31.322 0.743 1.964
0001_NOISY_SRGB_085.PNG 31.117 0.741 1.948
0001_NOISY_SRGB_029.PNG 31.377 0.744 1.972
0001_NOISY_SRGB_003.PNG 31.304 0.743 1.971
0001_NOISY_SRGB_086.PNG 31.169 0.741 1.943
0001_NOISY_SRGB_046.PNG 31.377 0.744 1.975
0001_NOISY_SRGB_060.PNG 31.320 0.743 1.976
0001_NOISY_SRGB_140.PNG 31.306 0.743 1.950
0001_NOISY_SRGB_016.PNG 31.376 0.743 1.954
0001_NOISY_SRGB_072.PNG 31.329 0.743 1.966
0001_NOISY_SRGB_100.PNG 31.249 0.742 1.933
0001_NOISY_SRGB_092.PNG 31.077 0.741 1.958
0001_NOISY_SRGB_084.PNG 31.230 0.743 1.962
0001_NOISY_SRGB_026.PNG 31.381 0.744 1.977
0001_NOISY_SRGB_134.PNG 31.270 0.743 1.946
0001_NOISY_SRGB_105.PNG 31.261 0.742 1.936
0001_NOISY_SRGB_036.PNG 31.383 0.744 1.967
0001_NOISY_SRGB_114.PNG 31.320 0.743 1.938
0001_NOISY_SRGB_034.PNG 31.385 0.744 1.976
0001_NOISY_SRGB_108.PNG 31.284 0.742 1.935
0001_NOISY_SRGB_104.PNG 31.244 0.742 1.935
0001_NOISY_SRGB_082.PNG 31.183 0.742 1.966
0001_NOISY_SRGB_083.PNG 31.188 0.743 1.963
0001_NOISY_SRGB_004.PNG 31.359 0.744 1.973
0001_NOISY_SRGB_117.PNG 31.330 0.743 1.946
0001_NOISY_SRGB_044.PNG 31.352 0.744 1.983
0001_NOISY_SRGB_119.PNG 31.326 0.743 1.946
0001_NOISY_SRGB_047.PNG 31.368 0.744 1.968
0001_NOISY_SRGB_008.PNG 31.385 0.744 1.968
0001_NOISY_SRGB_096.PNG 31.164 0.741 1.946
0001_NOISY_SRGB_125.PNG 31.340 0.743 1.947
0001_NOISY_SRGB_077.PNG 31.238 0.742 1.956
0001_NOISY_SRGB_135.PNG 31.302 0.743 1.949
0001_NOISY_SRGB_039.PNG 31.374 0.744 1.970
0001_NOISY_SRGB_064.PNG 31.337 0.743 1.969
0001_NOISY_SRGB_067.PNG 31.290 0.743 1.945
0001_NOISY_SRGB_093.PNG 31.114 0.741 1.947
0001_NOISY_SRGB_078.PNG 31.202 0.742 1.966
0001_NOISY_SRGB_136.PNG 31.292 0.743 1.946
0001_NOISY_SRGB_075.PNG 31.208 0.743 1.962
0001_NOISY_SRGB_110.PNG 31.310 0.743 1.941
0001_NOISY_SRGB_009.PNG 31.361 0.743 1.967
0001_NOISY_SRGB_068.PNG 31.274 0.743 1.965
0001_NOISY_SRGB_095.PNG 31.168 0.741 1.937
0001_NOISY_SRGB_133.PNG 31.277 0.743 1.947
0001_NOISY_SRGB_056.PNG 31.349 0.743 1.972
0001_NOISY_SRGB_123.PNG 31.325 0.743 1.945
0001_NOISY_SRGB_005.PNG 31.360 0.744 1.975
0001_NOISY_SRGB_006.PNG 31.378 0.744 1.964
0001_NOISY_SRGB_080.PNG 31.245 0.742 1.968
0001_NOISY_SRGB_103.PNG 31.246 0.742 1.946
0001_NOISY_SRGB_021.PNG 31.376 0.744 1.974
0001_NOISY_SRGB_102.PNG 31.258 0.742 1.931
0001_NOISY_SRGB_054.PNG 31.351 0.743 1.971
0001_NOISY_SRGB_043.PNG 31.371 0.744 1.977
0001_NOISY_SRGB_035.PNG 31.391 0.744 1.980
0001_NOISY_SRGB_118.PNG 31.318 0.743 1.950
0001_NOISY_SRGB_137.PNG 31.302 0.743 1.950
0001_NOISY_SRGB_130.PNG 31.315 0.743 1.947
0001_NOISY_SRGB_112.PNG 31.316 0.743 1.940
0001_NOISY_SRGB_015.PNG 31.387 0.744 1.958
0001_NOISY_SRGB_017.PNG 31.383 0.744 1.965
0001_NOISY_SRGB_129.PNG 31.304 0.743 1.954
0001_NOISY_SRGB_066.PNG 31.251 0.743 1.976
0001_NOISY_SRGB_053.PNG 31.318 0.743 1.969
0001_NOISY_SRGB_028.PNG 31.358 0.744 1.974
0001_NOISY_SRGB_139.PNG 31.321 0.743 1.953
0001_NOISY_SRGB_076.PNG 31.217 0.742 1.969
0001_NOISY_SRGB_065.PNG 31.299 0.743 1.959
0001_NOISY_SRGB_121.PNG 31.331 0.743 1.945
0001_NOISY_SRGB_030.PNG 31.379 0.744 1.969
0001_NOISY_SRGB_071.PNG 31.220 0.742 1.969
0001_NOISY_SRGB_022.PNG 31.380 0.744 1.968
0001_NOISY_SRGB_074.PNG 31.260 0.743 1.979
0001_NOISY_SRGB_012.PNG 31.358 0.744 1.975
0001_NOISY_SRGB_097.PNG 31.187 0.742 1.942
0001_NOISY_SRGB_023.PNG 31.372 0.744 1.972
0001_NOISY_SRGB_146.PNG 31.297 0.743 1.958
0001_NOISY_SRGB_055.PNG 31.287 0.743 1.978
0001_NOISY_SRGB_142.PNG 31.265 0.743 1.949
0001_NOISY_SRGB_126.PNG 31.305 0.743 1.944
0001_NOISY_SRGB_058.PNG 31.343 0.744 1.971
0001_NOISY_SRGB_011.PNG 31.360 0.743 1.977
0001_NOISY_SRGB_128.PNG 31.322 0.744 1.938
0001_NOISY_SRGB_025.PNG 31.380 0.744 1.971
0001_NOISY_SRGB_027.PNG 31.393 0.744 1.963
0001_NOISY_SRGB_090.PNG 31.072 0.741 1.957
0001_NOISY_SRGB_032.PNG 31.385 0.744 1.971
0001_NOISY_SRGB_144.PNG 31.312 0.743 1.951
0001_NOISY_SRGB_109.PNG 31.295 0.742 1.935
0001_NOISY_SRGB_038.PNG 31.373 0.744 1.970
0001_NOISY_SRGB_049.PNG 31.353 0.744 1.980
0001_NOISY_SRGB_124.PNG 31.325 0.743 1.940
0001_NOISY_SRGB_120.PNG 31.318 0.743 1.946
0001_NOISY_SRGB_132.PNG 31.249 0.743 1.945
0001_NOISY_SRGB_079.PNG 31.187 0.742 1.966
0001_NOISY_SRGB_052.PNG 31.328 0.743 1.966
0001_NOISY_SRGB_019.PNG 31.365 0.743 1.962
0001_NOISY_SRGB_013.PNG 31.378 0.743 1.966
0001_NOISY_SRGB_094.PNG 31.162 0.741 1.929
0001_NOISY_SRGB_147.PNG 31.300 0.743 1.949
0001_NOISY_SRGB_099.PNG 31.207 0.742 1.946
0001_NOISY_SRGB_002.PNG 31.326 0.743 1.970
0001_NOISY_SRGB_024.PNG 31.380 0.744 1.970
0001_NOISY_SRGB_150.PNG 31.241 0.743 1.952
0001_NOISY_SRGB_040.PNG 31.363 0.744 1.971
0001_NOISY_SRGB_031.PNG 31.381 0.744 1.973
0001_NOISY_SRGB_037.PNG 31.378 0.744 1.973
0001_NOISY_SRGB_091.PNG 31.076 0.741 1.952
0001_NOISY_SRGB_018.PNG 31.378 0.743 1.973
0001_NOISY_SRGB_148.PNG 31.260 0.743 1.958
0001_NOISY_SRGB_063.PNG 31.288 0.743 1.968
0001_NOISY_SRGB_131.PNG 31.244 0.743 1.950
0001_NOISY_SRGB_001.PNG 31.328 0.743 1.972
0001_NOISY_SRGB_020.PNG 31.379 0.743 1.958
0001_NOISY_SRGB_107.PNG 31.278 0.742 1.945
0001_NOISY_SRGB_007.PNG 31.373 0.744 1.973
0001_NOISY_SRGB_051.PNG 31.365 0.744 1.978
0001_NOISY_SRGB_101.PNG 31.241 0.742 1.929
0001_NOISY_SRGB_089.PNG 31.077 0.741 1.967
0001_NOISY_SRGB_033.PNG 31.387 0.744 1.971
0001_NOISY_SRGB_141.PNG 31.333 0.743 1.947
0001_NOISY_SRGB_061.PNG 31.322 0.743 1.958
0001_NOISY_SRGB_014.PNG 31.376 0.743 1.969
0001_NOISY_SRGB_041.PNG 31.390 0.744 1.958
0001_NOISY_SRGB_138.PNG 31.323 0.743 1.947
0001_NOISY_SRGB_127.PNG 31.316 0.743 1.951
0001_NOISY_SRGB_116.PNG 31.321 0.743 1.951
0001_NOISY_SRGB_122.PNG 31.332 0.743 1.950
0001_NOISY_SRGB_088.PNG 31.068 0.741 1.964
0002_NOISY_SRGB_109.PNG 33.146 0.857 2.768
0002_NOISY_SRGB_104.PNG 33.117 0.857 2.752
0002_NOISY_SRGB_072.PNG 33.153 0.857 2.759
0002_NOISY_SRGB_019.PNG 32.836 0.851 2.678
0002_NOISY_SRGB_141.PNG 33.032 0.856 2.757
0002_NOISY_SRGB_074.PNG 33.119 0.857 2.764
0002_NOISY_SRGB_007.PNG 32.589 0.850 2.700
0002_NOISY_SRGB_094.PNG 33.122 0.857 2.760
0002_NOISY_SRGB_035.PNG 33.040 0.854 2.730
0002_NOISY_SRGB_092.PNG 32.892 0.856 2.761
0002_NOISY_SRGB_056.PNG 32.896 0.855 2.752
0002_NOISY_SRGB_130.PNG 33.095 0.857 2.766
0002_NOISY_SRGB_040.PNG 33.095 0.856 2.741
0002_NOISY_SRGB_016.PNG 32.776 0.850 2.674
0002_NOISY_SRGB_002.PNG 32.189 0.849 2.689
0002_NOISY_SRGB_020.PNG 32.850 0.851 2.693
0002_NOISY_SRGB_017.PNG 32.811 0.850 2.678
0002_NOISY_SRGB_006.PNG 32.586 0.850 2.695
0002_NOISY_SRGB_004.PNG 32.467 0.850 2.684
0002_NOISY_SRGB_142.PNG 33.068 0.856 2.760
0002_NOISY_SRGB_053.PNG 32.853 0.855 2.746
0002_NOISY_SRGB_032.PNG 33.035 0.854 2.727
0002_NOISY_SRGB_003.PNG 32.267 0.849 2.678
0002_NOISY_SRGB_018.PNG 32.803 0.850 2.684
0002_NOISY_SRGB_055.PNG 32.966 0.856 2.758
0002_NOISY_SRGB_071.PNG 33.092 0.856 2.755
0002_NOISY_SRGB_051.PNG 33.030 0.856 2.755
0002_NOISY_SRGB_013.PNG 32.681 0.849 2.679
0002_NOISY_SRGB_031.PNG 33.024 0.854 2.728
0002_NOISY_SRGB_095.PNG 33.143 0.857 2.755
0002_NOISY_SRGB_096.PNG 33.112 0.857 2.766
0002_NOISY_SRGB_128.PNG 33.062 0.855 2.753
0002_NOISY_SRGB_059.PNG 33.053 0.856 2.760
0002_NOISY_SRGB_106.PNG 33.140 0.857 2.759
0002_NOISY_SRGB_122.PNG 33.052 0.857 2.760
0002_NOISY_SRGB_024.PNG 32.900 0.851 2.693
0002_NOISY_SRGB_120.PNG 33.095 0.857 2.763
0002_NOISY_SRGB_148.PNG 33.086 0.856 2.756
0002_NOISY_SRGB_041.PNG 33.055 0.855 2.742
0002_NOISY_SRGB_057.PNG 33.029 0.856 2.759
0002_NOISY_SRGB_001.PNG 32.350 0.850 2.663
0002_NOISY_SRGB_084.PNG 33.137 0.857 2.773
0002_NOISY_SRGB_134.PNG 33.055 0.856 2.754
0002_NOISY_SRGB_021.PNG 32.868 0.851 2.690
0002_NOISY_SRGB_066.PNG 33.071 0.856 2.756
0002_NOISY_SRGB_088.PNG 33.091 0.857 2.765
0002_NOISY_SRGB_103.PNG 33.100 0.857 2.760
0002_NOISY_SRGB_080.PNG 33.158 0.857 2.763
0002_NOISY_SRGB_065.PNG 32.934 0.856 2.747
0002_NOISY_SRGB_048.PNG 32.986 0.856 2.752
0002_NOISY_SRGB_139.PNG 33.069 0.856 2.762
0002_NOISY_SRGB_028.PNG 32.986 0.853 2.710
0002_NOISY_SRGB_097.PNG 33.149 0.857 2.764
0002_NOISY_SRGB_123.PNG 33.075 0.857 2.756
0002_NOISY_SRGB_091.PNG 33.098 0.857 2.761
0002_NOISY_SRGB_132.PNG 33.066 0.856 2.756
0002_NOISY_SRGB_117.PNG 33.094 0.857 2.748
0002_NOISY_SRGB_121.PNG 33.095 0.857 2.748
0002_NOISY_SRGB_038.PNG 33.056 0.855 2.745
0002_NOISY_SRGB_043.PNG 33.041 0.855 2.751
0002_NOISY_SRGB_116.PNG 33.115 0.857 2.760
0002_NOISY_SRGB_098.PNG 33.076 0.857 2.767
0002_NOISY_SRGB_044.PNG 32.904 0.854 2.736
0002_NOISY_SRGB_126.PNG 33.060 0.857 2.763
0002_NOISY_SRGB_005.PNG 32.559 0.850 2.696
0002_NOISY_SRGB_049.PNG 32.897 0.855 2.744
0002_NOISY_SRGB_034.PNG 33.053 0.855 2.736
0002_NOISY_SRGB_070.PNG 33.132 0.857 2.763
0002_NOISY_SRGB_087.PNG 33.158 0.857 2.766
0002_NOISY_SRGB_078.PNG 33.134 0.857 2.764
0002_NOISY_SRGB_150.PNG 33.051 0.855 2.752
0002_NOISY_SRGB_022.PNG 32.868 0.851 2.688
0002_NOISY_SRGB_045.PNG 32.954 0.855 2.743
0002_NOISY_SRGB_102.PNG 33.121 0.857 2.762
0002_NOISY_SRGB_081.PNG 33.117 0.857 2.756
0002_NOISY_SRGB_039.PNG 33.071 0.855 2.744
0002_NOISY_SRGB_060.PNG 32.914 0.856 2.755
0002_NOISY_SRGB_014.PNG 32.729 0.850 2.679
0002_NOISY_SRGB_067.PNG 33.098 0.857 2.758
0002_NOISY_SRGB_107.PNG 33.152 0.857 2.768
0002_NOISY_SRGB_023.PNG 32.876 0.851 2.689
0002_NOISY_SRGB_036.PNG 33.067 0.855 2.740
0002_NOISY_SRGB_064.PNG 32.840 0.855 2.747
0002_NOISY_SRGB_113.PNG 33.008 0.856 2.771
0002_NOISY_SRGB_015.PNG 32.762 0.850 2.679
0002_NOISY_SRGB_010.PNG 32.650 0.850 2.688
0002_NOISY_SRGB_133.PNG 33.076 0.856 2.740
0002_NOISY_SRGB_046.PNG 32.897 0.855 2.741
0002_NOISY_SRGB_136.PNG 33.021 0.855 2.753
0002_NOISY_SRGB_025.PNG 32.878 0.851 2.677
0002_NOISY_SRGB_008.PNG 32.618 0.850 2.698
0002_NOISY_SRGB_124.PNG 33.115 0.857 2.764
0002_NOISY_SRGB_077.PNG 33.003 0.856 2.761
0002_NOISY_SRGB_119.PNG 33.100 0.856 2.762
0002_NOISY_SRGB_127.PNG 33.095 0.857 2.761
0002_NOISY_SRGB_101.PNG 33.111 0.857 2.764
0002_NOISY_SRGB_125.PNG 33.109 0.857 2.764
0002_NOISY_SRGB_012.PNG 32.689 0.849 2.677
0002_NOISY_SRGB_061.PNG 32.893 0.855 2.743
0002_NOISY_SRGB_149.PNG 33.089 0.857 2.761
0002_NOISY_SRGB_058.PNG 32.977 0.856 2.750
0002_NOISY_SRGB_112.PNG 33.105 0.857 2.763
0002_NOISY_SRGB_105.PNG 33.141 0.858 2.770
0002_NOISY_SRGB_090.PNG 33.077 0.857 2.768
0002_NOISY_SRGB_146.PNG 33.073 0.856 2.756
0002_NOISY_SRGB_076.PNG 33.012 0.856 2.761
0002_NOISY_SRGB_052.PNG 32.991 0.856 2.758
0002_NOISY_SRGB_093.PNG 33.131 0.857 2.768
0002_NOISY_SRGB_085.PNG 33.138 0.857 2.762
0002_NOISY_SRGB_100.PNG 33.137 0.857 2.767
0002_NOISY_SRGB_082.PNG 32.985 0.856 2.758
0002_NOISY_SRGB_027.PNG 32.996 0.853 2.725
0002_NOISY_SRGB_030.PNG 33.011 0.854 2.728
0002_NOISY_SRGB_075.PNG 32.931 0.856 2.760
0002_NOISY_SRGB_037.PNG 33.063 0.855 2.744
0002_NOISY_SRGB_009.PNG 32.632 0.850 2.694
0002_NOISY_SRGB_114.PNG 33.158 0.858 2.766
0002_NOISY_SRGB_050.PNG 32.905 0.855 2.742
0002_NOISY_SRGB_140.PNG 33.033 0.856 2.756
0002_NOISY_SRGB_131.PNG 33.073 0.856 2.754
0002_NOISY_SRGB_033.PNG 33.042 0.854 2.737
0002_NOISY_SRGB_069.PNG 33.109 0.857 2.759
0002_NOISY_SRGB_047.PNG 33.098 0.856 2.748
0002_NOISY_SRGB_145.PNG 33.032 0.855 2.752
0002_NOISY_SRGB_135.PNG 33.022 0.856 2.752
0002_NOISY_SRGB_054.PNG 32.812 0.855 2.735
0002_NOISY_SRGB_144.PNG 33.104 0.857 2.758
0002_NOISY_SRGB_086.PNG 33.121 0.857 2.771
0002_NOISY_SRGB_083.PNG 33.122 0.857 2.764
0002_NOISY_SRGB_026.PNG 32.959 0.853 2.709
0002_NOISY_SRGB_143.PNG 33.081 0.856 2.756
0002_NOISY_SRGB_147.PNG 33.042 0.855 2.739
0002_NOISY_SRGB_099.PNG 33.139 0.857 2.763
0002_NOISY_SRGB_089.PNG 33.124 0.857 2.767
0002_NOISY_SRGB_129.PNG 33.083 0.857 2.761
0002_NOISY_SRGB_115.PNG 33.074 0.856 2.752
0002_NOISY_SRGB_063.PNG 32.906 0.855 2.745
0002_NOISY_SRGB_062.PNG 32.828 0.855 2.745
0002_NOISY_SRGB_042.PNG 33.064 0.855 2.737
0002_NOISY_SRGB_110.PNG 33.128 0.857 2.774
0002_NOISY_SRGB_011.PNG 32.671 0.850 2.681
0002_NOISY_SRGB_137.PNG 33.075 0.857 2.765
0002_NOISY_SRGB_079.PNG 33.121 0.857 2.762
0002_NOISY_SRGB_138.PNG 33.066 0.856 2.754
0002_NOISY_SRGB_068.PNG 32.965 0.856 2.751
0002_NOISY_SRGB_108.PNG 33.142 0.857 2.764
0002_NOISY_SRGB_118.PNG 33.102 0.857 2.771
0002_NOISY_SRGB_111.PNG 33.130 0.857 2.763
0002_NOISY_SRGB_073.PNG 33.104 0.857 2.760
0002_NOISY_SRGB_029.PNG 32.996 0.853 2.723
0003_NOISY_SRGB_007.PNG 32.776 0.949 2.979
0003_NOISY_SRGB_071.PNG 34.372 0.958 3.192
0003_NOISY_SRGB_009.PNG 32.863 0.949 2.992
0003_NOISY_SRGB_122.PNG 34.166 0.958 3.194
0003_NOISY_SRGB_061.PNG 34.257 0.957 3.159
0003_NOISY_SRGB_145.PNG 33.983 0.958 3.191
0003_NOISY_SRGB_056.PNG 34.129 0.956 3.137
0003_NOISY_SRGB_019.PNG 32.851 0.950 3.004
0003_NOISY_SRGB_108.PNG 34.318 0.959 3.205
0003_NOISY_SRGB_021.PNG 32.939 0.951 3.011
0003_NOISY_SRGB_104.PNG 34.355 0.959 3.199
0003_NOISY_SRGB_039.PNG 33.741 0.954 3.077
0003_NOISY_SRGB_120.PNG 34.130 0.958 3.187
0003_NOISY_SRGB_074.PNG 34.388 0.958 3.194
0003_NOISY_SRGB_010.PNG 32.883 0.950 2.993
0003_NOISY_SRGB_100.PNG 34.385 0.959 3.199
0003_NOISY_SRGB_135.PNG 33.004 0.957 3.156
0003_NOISY_SRGB_003.PNG 32.505 0.948 2.971
0003_NOISY_SRGB_097.PNG 34.367 0.959 3.203
0003_NOISY_SRGB_069.PNG 34.367 0.958 3.186
0003_NOISY_SRGB_144.PNG 34.019 0.958 3.198
0003_NOISY_SRGB_037.PNG 33.760 0.954 3.067
0003_NOISY_SRGB_119.PNG 34.215 0.958 3.193
0003_NOISY_SRGB_080.PNG 34.437 0.958 3.209
0003_NOISY_SRGB_015.PNG 32.850 0.950 2.998
0003_NOISY_SRGB_115.PNG 34.203 0.958 3.200
0003_NOISY_SRGB_127.PNG 34.169 0.958 3.194
0003_NOISY_SRGB_054.PNG 34.171 0.957 3.137
0003_NOISY_SRGB_083.PNG 34.445 0.959 3.208
0003_NOISY_SRGB_081.PNG 34.434 0.959 3.207
0003_NOISY_SRGB_053.PNG 34.144 0.956 3.133
0003_NOISY_SRGB_070.PNG 34.384 0.958 3.189
0003_NOISY_SRGB_047.PNG 33.965 0.955 3.112
0003_NOISY_SRGB_023.PNG 33.082 0.951 3.024
0003_NOISY_SRGB_004.PNG 32.629 0.948 2.981
0003_NOISY_SRGB_085.PNG 34.412 0.959 3.208
0003_NOISY_SRGB_092.PNG 34.387 0.959 3.200
0003_NOISY_SRGB_020.PNG 32.954 0.951 3.012
0003_NOISY_SRGB_095.PNG 34.395 0.959 3.202
0003_NOISY_SRGB_075.PNG 34.393 0.958 3.194
0003_NOISY_SRGB_011.PNG 32.928 0.950 3.002
0003_NOISY_SRGB_087.PNG 34.397 0.959 3.202
0003_NOISY_SRGB_098.PNG 34.354 0.959 3.200
0003_NOISY_SRGB_134.PNG 34.108 0.958 3.193
0003_NOISY_SRGB_138.PNG 34.123 0.958 3.200
0003_NOISY_SRGB_055.PNG 34.192 0.957 3.139
0003_NOISY_SRGB_082.PNG 34.361 0.958 3.202
0003_NOISY_SRGB_079.PNG 34.422 0.958 3.206
0003_NOISY_SRGB_012.PNG 32.862 0.950 2.986
0003_NOISY_SRGB_139.PNG 34.034 0.958 3.196
0003_NOISY_SRGB_133.PNG 34.121 0.958 3.195
0003_NOISY_SRGB_038.PNG 33.723 0.954 3.075
0003_NOISY_SRGB_112.PNG 34.271 0.958 3.195
0003_NOISY_SRGB_063.PNG 34.313 0.957 3.162
0003_NOISY_SRGB_107.PNG 34.320 0.959 3.203
0003_NOISY_SRGB_148.PNG 33.959 0.958 3.198
0003_NOISY_SRGB_099.PNG 34.355 0.959 3.205
0003_NOISY_SRGB_096.PNG 34.409 0.959 3.197
0003_NOISY_SRGB_090.PNG 34.414 0.959 3.209
0003_NOISY_SRGB_113.PNG 34.093 0.958 3.185
0003_NOISY_SRGB_103.PNG 34.302 0.958 3.197
0003_NOISY_SRGB_035.PNG 33.484 0.953 3.057
0003_NOISY_SRGB_008.PNG 32.820 0.949 2.985
0003_NOISY_SRGB_088.PNG 34.432 0.959 3.204
0003_NOISY_SRGB_043.PNG 33.899 0.955 3.095
0003_NOISY_SRGB_128.PNG 34.127 0.958 3.188
0003_NOISY_SRGB_114.PNG 34.247 0.958 3.194
0003_NOISY_SRGB_116.PNG 34.250 0.958 3.200
0003_NOISY_SRGB_077.PNG 34.417 0.958 3.198
0003_NOISY_SRGB_091.PNG 34.374 0.959 3.201
0003_NOISY_SRGB_062.PNG 34.280 0.957 3.169
0003_NOISY_SRGB_032.PNG 33.540 0.953 3.056
0003_NOISY_SRGB_111.PNG 34.200 0.958 3.193
0003_NOISY_SRGB_123.PNG 33.966 0.958 3.174
0003_NOISY_SRGB_068.PNG 34.356 0.958 3.174
0003_NOISY_SRGB_005.PNG 32.718 0.949 2.982
0003_NOISY_SRGB_030.PNG 33.452 0.953 3.050
0003_NOISY_SRGB_106.PNG 34.335 0.959 3.203
0003_NOISY_SRGB_049.PNG 34.027 0.956 3.118
0003_NOISY_SRGB_086.PNG 34.417 0.959 3.207
0003_NOISY_SRGB_042.PNG 33.835 0.955 3.098
0003_NOISY_SRGB_025.PNG 31.865 0.951 2.993
0003_NOISY_SRGB_132.PNG 34.075 0.958 3.191
0003_NOISY_SRGB_017.PNG 32.962 0.950 3.008
0003_NOISY_SRGB_050.PNG 34.074 0.956 3.121
0003_NOISY_SRGB_027.PNG 33.094 0.952 3.018
0003_NOISY_SRGB_125.PNG 34.149 0.958 3.196
0003_NOISY_SRGB_141.PNG 33.964 0.958 3.184
0003_NOISY_SRGB_146.PNG 33.969 0.958 3.190
0003_NOISY_SRGB_022.PNG 33.069 0.951 3.021
0003_NOISY_SRGB_140.PNG 33.984 0.958 3.189
0003_NOISY_SRGB_066.PNG 34.330 0.958 3.176
0003_NOISY_SRGB_048.PNG 33.989 0.956 3.116
0003_NOISY_SRGB_029.PNG 33.368 0.952 3.039
0003_NOISY_SRGB_110.PNG 34.262 0.958 3.189
0003_NOISY_SRGB_102.PNG 34.399 0.959 3.209
0003_NOISY_SRGB_067.PNG 34.322 0.958 3.183
0003_NOISY_SRGB_105.PNG 34.335 0.959 3.203
0003_NOISY_SRGB_117.PNG 34.194 0.958 3.200
0003_NOISY_SRGB_078.PNG 34.422 0.958 3.209
0003_NOISY_SRGB_058.PNG 34.155 0.957 3.146
0003_NOISY_SRGB_124.PNG 34.127 0.958 3.189
0003_NOISY_SRGB_147.PNG 33.931 0.958 3.185
0003_NOISY_SRGB_024.PNG 32.993 0.951 3.019
0003_NOISY_SRGB_130.PNG 34.007 0.958 3.188
0003_NOISY_SRGB_046.PNG 33.948 0.955 3.102
0003_NOISY_SRGB_093.PNG 34.401 0.959 3.210
0003_NOISY_SRGB_051.PNG 34.075 0.956 3.129
0003_NOISY_SRGB_073.PNG 34.378 0.958 3.195
0003_NOISY_SRGB_076.PNG 34.398 0.958 3.204
0003_NOISY_SRGB_149.PNG 33.759 0.957 3.181
0003_NOISY_SRGB_052.PNG 33.914 0.956 3.113
0003_NOISY_SRGB_094.PNG 34.405 0.959 3.202
0003_NOISY_SRGB_136.PNG 34.046 0.958 3.193
0003_NOISY_SRGB_121.PNG 34.220 0.958 3.201
0003_NOISY_SRGB_072.PNG 34.357 0.958 3.189
0003_NOISY_SRGB_118.PNG 34.252 0.958 3.199
0003_NOISY_SRGB_031.PNG 33.372 0.952 3.047
0003_NOISY_SRGB_109.PNG 34.326 0.959 3.200
0003_NOISY_SRGB_059.PNG 34.218 0.957 3.152
0003_NOISY_SRGB_044.PNG 33.910 0.955 3.096
0003_NOISY_SRGB_018.PNG 32.884 0.950 3.004
0003_NOISY_SRGB_143.PNG 34.012 0.958 3.189
0003_NOISY_SRGB_126.PNG 34.073 0.958 3.182
0003_NOISY_SRGB_001.PNG 31.769 0.947 2.919
0003_NOISY_SRGB_129.PNG 34.203 0.959 3.198
0003_NOISY_SRGB_016.PNG 32.892 0.950 3.001
0003_NOISY_SRGB_014.PNG 32.850 0.950 2.995
0003_NOISY_SRGB_137.PNG 34.036 0.958 3.189
0003_NOISY_SRGB_142.PNG 34.012 0.958 3.195
0003_NOISY_SRGB_002.PNG 32.288 0.947 2.960
0003_NOISY_SRGB_034.PNG 33.579 0.953 3.063
0003_NOISY_SRGB_101.PNG 34.350 0.959 3.202
0003_NOISY_SRGB_033.PNG 33.491 0.953 3.056
0003_NOISY_SRGB_064.PNG 34.295 0.957 3.166
0003_NOISY_SRGB_045.PNG 33.810 0.955 3.093
0003_NOISY_SRGB_040.PNG 33.803 0.955 3.082
0003_NOISY_SRGB_006.PNG 32.756 0.949 2.988
0003_NOISY_SRGB_150.PNG 33.810 0.958 3.184
0003_NOISY_SRGB_036.PNG 33.712 0.954 3.079
0003_NOISY_SRGB_028.PNG 33.352 0.952 3.045
0003_NOISY_SRGB_057.PNG 34.153 0.957 3.146
0003_NOISY_SRGB_065.PNG 34.319 0.957 3.173
0003_NOISY_SRGB_084.PNG 34.446 0.959 3.211
0003_NOISY_SRGB_041.PNG 33.791 0.955 3.088
0003_NOISY_SRGB_026.PNG 33.200 0.952 3.036
0003_NOISY_SRGB_089.PNG 34.418 0.959 3.200
0003_NOISY_SRGB_060.PNG 34.228 0.957 3.151
0003_NOISY_SRGB_131.PNG 33.989 0.958 3.182
0003_NOISY_SRGB_013.PNG 32.920 0.950 2.998
0004_NOISY_SRGB_126.PNG 32.342 0.773 2.408
0004_NOISY_SRGB_142.PNG 32.198 0.772 2.406
0004_NOISY_SRGB_015.PNG 32.403 0.777 2.418
0004_NOISY_SRGB_031.PNG 32.242 0.776 2.423
0004_NOISY_SRGB_038.PNG 32.337 0.776 2.420
0004_NOISY_SRGB_121.PNG 32.347 0.774 2.407
0004_NOISY_SRGB_134.PNG 32.147 0.772 2.385
0004_NOISY_SRGB_024.PNG 32.260 0.777 2.406
0004_NOISY_SRGB_116.PNG 32.342 0.774 2.419
0004_NOISY_SRGB_030.PNG 32.411 0.777 2.430
0004_NOISY_SRGB_145.PNG 32.185 0.772 2.392
0004_NOISY_SRGB_061.PNG 32.390 0.776 2.415
0004_NOISY_SRGB_052.PNG 32.409 0.776 2.426
0004_NOISY_SRGB_026.PNG 32.213 0.776 2.415
0004_NOISY_SRGB_074.PNG 32.365 0.775 2.409
0004_NOISY_SRGB_018.PNG 32.307 0.776 2.414
0004_NOISY_SRGB_109.PNG 32.376 0.775 2.407
0004_NOISY_SRGB_125.PNG 32.257 0.773 2.402
0004_NOISY_SRGB_096.PNG 32.383 0.774 2.394
0004_NOISY_SRGB_130.PNG 32.329 0.773 2.415
0004_NOISY_SRGB_046.PNG 32.191 0.776 2.414
0004_NOISY_SRGB_069.PNG 32.352 0.775 2.408
0004_NOISY_SRGB_149.PNG 32.180 0.772 2.395
0004_NOISY_SRGB_112.PNG 32.300 0.774 2.409
0004_NOISY_SRGB_113.PNG 32.346 0.774 2.416
0004_NOISY_SRGB_101.PNG 32.373 0.774 2.393
0004_NOISY_SRGB_085.PNG 32.247 0.774 2.380
0004_NOISY_SRGB_137.PNG 32.206 0.772 2.400
0004_NOISY_SRGB_087.PNG 32.405 0.775 2.400
0004_NOISY_SRGB_099.PNG 32.399 0.774 2.407
0004_NOISY_SRGB_027.PNG 32.225 0.775 2.416
0004_NOISY_SRGB_047.PNG 32.290 0.776 2.422
0004_NOISY_SRGB_135.PNG 32.178 0.772 2.404
0004_NOISY_SRGB_023.PNG 32.380 0.777 2.417
0004_NOISY_SRGB_001.PNG 32.263 0.777 2.418
0004_NOISY_SRGB_111.PNG 32.377 0.774 2.419
0004_NOISY_SRGB_039.PNG 32.308 0.776 2.425
0004_NOISY_SRGB_120.PNG 32.296 0.773 2.404
0004_NOISY_SRGB_077.PNG 32.335 0.774 2.401
0004_NOISY_SRGB_107.PNG 32.377 0.774 2.409
0004_NOISY_SRGB_073.PNG 32.365 0.775 2.405
0004_NOISY_SRGB_068.PNG 32.341 0.775 2.416
0004_NOISY_SRGB_122.PNG 32.262 0.773 2.403
0004_NOISY_SRGB_066.PNG 32.360 0.775 2.399
0004_NOISY_SRGB_089.PNG 32.404 0.775 2.408
0004_NOISY_SRGB_100.PNG 32.383 0.774 2.407
0004_NOISY_SRGB_056.PNG 32.375 0.776 2.421
0004_NOISY_SRGB_063.PNG 32.380 0.776 2.411
0004_NOISY_SRGB_110.PNG 32.389 0.775 2.412
0004_NOISY_SRGB_058.PNG 32.421 0.776 2.418
0004_NOISY_SRGB_119.PNG 32.306 0.773 2.408
0004_NOISY_SRGB_005.PNG 32.446 0.777 2.429
0004_NOISY_SRGB_098.PNG 32.379 0.774 2.408
0004_NOISY_SRGB_070.PNG 32.302 0.775 2.397
0004_NOISY_SRGB_131.PNG 32.204 0.773 2.405
0004_NOISY_SRGB_082.PNG 32.303 0.774 2.402
0004_NOISY_SRGB_118.PNG 32.324 0.774 2.410
0004_NOISY_SRGB_092.PNG 32.392 0.774 2.399
0004_NOISY_SRGB_133.PNG 32.185 0.772 2.396
0004_NOISY_SRGB_003.PNG 32.435 0.778 2.424
0004_NOISY_SRGB_012.PNG 32.311 0.776 2.409
0004_NOISY_SRGB_105.PNG 32.382 0.775 2.420
0004_NOISY_SRGB_079.PNG 32.332 0.775 2.404
0004_NOISY_SRGB_104.PNG 32.400 0.775 2.412
0004_NOISY_SRGB_021.PNG 32.259 0.776 2.407
0004_NOISY_SRGB_140.PNG 32.210 0.772 2.398
0004_NOISY_SRGB_094.PNG 32.395 0.774 2.396
0004_NOISY_SRGB_088.PNG 32.403 0.774 2.400
0004_NOISY_SRGB_147.PNG 32.161 0.772 2.384
0004_NOISY_SRGB_019.PNG 32.306 0.777 2.416
0004_NOISY_SRGB_055.PNG 32.404 0.777 2.416
0004_NOISY_SRGB_013.PNG 32.446 0.777 2.425
0004_NOISY_SRGB_138.PNG 32.183 0.772 2.398
0004_NOISY_SRGB_141.PNG 32.205 0.772 2.402
0004_NOISY_SRGB_036.PNG 32.242 0.776 2.400
0004_NOISY_SRGB_060.PNG 32.382 0.776 2.411
0004_NOISY_SRGB_054.PNG 32.357 0.776 2.416
0004_NOISY_SRGB_076.PNG 32.361 0.775 2.408
0004_NOISY_SRGB_139.PNG 32.188 0.772 2.391
0004_NOISY_SRGB_045.PNG 32.242 0.776 2.429
0004_NOISY_SRGB_010.PNG 32.304 0.776 2.420
0004_NOISY_SRGB_146.PNG 32.234 0.772 2.403
0004_NOISY_SRGB_117.PNG 32.306 0.773 2.405
0004_NOISY_SRGB_083.PNG 32.354 0.774 2.405
0004_NOISY_SRGB_129.PNG 32.203 0.772 2.394
0004_NOISY_SRGB_011.PNG 32.105 0.775 2.393
0004_NOISY_SRGB_128.PNG 32.278 0.773 2.400
0004_NOISY_SRGB_037.PNG 32.342 0.776 2.420
0004_NOISY_SRGB_040.PNG 32.353 0.776 2.416
0004_NOISY_SRGB_017.PNG 32.388 0.777 2.419
0004_NOISY_SRGB_150.PNG 32.158 0.771 2.393
0004_NOISY_SRGB_014.PNG 32.269 0.777 2.424
0004_NOISY_SRGB_081.PNG 32.361 0.774 2.401
0004_NOISY_SRGB_051.PNG 32.363 0.776 2.415
0004_NOISY_SRGB_062.PNG 32.365 0.776 2.414
0004_NOISY_SRGB_114.PNG 32.338 0.774 2.413
0004_NOISY_SRGB_025.PNG 32.313 0.776 2.418
0004_NOISY_SRGB_008.PNG 32.422 0.778 2.411
0004_NOISY_SRGB_035.PNG 32.263 0.776 2.425
0004_NOISY_SRGB_095.PNG 32.392 0.775 2.400
0004_NOISY_SRGB_053.PNG 32.382 0.776 2.411
0004_NOISY_SRGB_080.PNG 32.359 0.774 2.399
0004_NOISY_SRGB_071.PNG 32.357 0.775 2.411
0004_NOISY_SRGB_084.PNG 32.322 0.774 2.410
0004_NOISY_SRGB_127.PNG 32.245 0.773 2.406
0004_NOISY_SRGB_016.PNG 32.455 0.777 2.420
0004_NOISY_SRGB_033.PNG 32.412 0.777 2.422
0004_NOISY_SRGB_050.PNG 32.369 0.776 2.414
0004_NOISY_SRGB_022.PNG 32.251 0.776 2.409
0004_NOISY_SRGB_009.PNG 32.329 0.777 2.416
0004_NOISY_SRGB_032.PNG 32.288 0.776 2.418
0004_NOISY_SRGB_028.PNG 32.244 0.776 2.414
0004_NOISY_SRGB_006.PNG 32.441 0.778 2.425
0004_NOISY_SRGB_042.PNG 32.387 0.776 2.424
0004_NOISY_SRGB_002.PNG 32.372 0.777 2.429
0004_NOISY_SRGB_078.PNG 32.345 0.774 2.398
0004_NOISY_SRGB_075.PNG 32.362 0.775 2.409
0004_NOISY_SRGB_007.PNG 32.443 0.777 2.415
0004_NOISY_SRGB_065.PNG 32.366 0.775 2.411
0004_NOISY_SRGB_102.PNG 32.386 0.774 2.413
0004_NOISY_SRGB_034.PNG 32.412 0.777 2.426
0004_NOISY_SRGB_132.PNG 32.317 0.773 2.411
0004_NOISY_SRGB_144.PNG 32.173 0.772 2.398
0004_NOISY_SRGB_115.PNG 32.343 0.774 2.414
0004_NOISY_SRGB_097.PNG 32.366 0.774 2.400
0004_NOISY_SRGB_057.PNG 32.340 0.776 2.415
0004_NOISY_SRGB_086.PNG 32.268 0.774 2.399
0004_NOISY_SRGB_049.PNG 32.409 0.777 2.420
0004_NOISY_SRGB_044.PNG 32.315 0.776 2.424
0004_NOISY_SRGB_090.PNG 32.402 0.775 2.403
0004_NOISY_SRGB_143.PNG 32.178 0.772 2.400
0004_NOISY_SRGB_108.PNG 32.363 0.774 2.419
0004_NOISY_SRGB_064.PNG 32.382 0.776 2.414
0004_NOISY_SRGB_059.PNG 32.391 0.776 2.417
0004_NOISY_SRGB_072.PNG 32.350 0.775 2.405
0004_NOISY_SRGB_106.PNG 32.368 0.775 2.415
0004_NOISY_SRGB_123.PNG 32.314 0.773 2.408
0004_NOISY_SRGB_124.PNG 32.290 0.773 2.407
0004_NOISY_SRGB_148.PNG 32.181 0.772 2.403
0004_NOISY_SRGB_020.PNG 32.287 0.777 2.417
0004_NOISY_SRGB_093.PNG 32.381 0.774 2.394
0004_NOISY_SRGB_043.PNG 32.390 0.776 2.426
0004_NOISY_SRGB_103.PNG 32.361 0.774 2.415
0004_NOISY_SRGB_136.PNG 32.179 0.772 2.396
0004_NOISY_SRGB_029.PNG 32.305 0.776 2.415
0004_NOISY_SRGB_091.PNG 32.399 0.775 2.401
0004_NOISY_SRGB_041.PNG 32.379 0.777 2.412
0004_NOISY_SRGB_067.PNG 32.327 0.775 2.403
0004_NOISY_SRGB_004.PNG 32.439 0.777 2.431
0004_NOISY_SRGB_048.PNG 32.192 0.776 2.420
0005_NOISY_SRGB_129.PNG 33.523 0.893 2.988
0005_NOISY_SRGB_122.PNG 33.480 0.893 2.973
0005_NOISY_SRGB_074.PNG 33.191 0.898 3.028
0005_NOISY_SRGB_026.PNG 33.880 0.901 3.076
0005_NOISY_SRGB_061.PNG 33.815 0.902 3.065
0005_NOISY_SRGB_128.PNG 33.510 0.893 2.984
0005_NOISY_SRGB_093.PNG 33.028 0.889 2.946
0005_NOISY_SRGB_149.PNG 33.741 0.897 3.022
0005_NOISY_SRGB_004.PNG 33.764 0.897 3.026
0005_NOISY_SRGB_054.PNG 33.813 0.901 3.062
0005_NOISY_SRGB_012.PNG 33.793 0.898 3.029
0005_NOISY_SRGB_103.PNG 33.255 0.889 2.954
0005_NOISY_SRGB_029.PNG 33.905 0.902 3.077
0005_NOISY_SRGB_049.PNG 33.839 0.902 3.061
0005_NOISY_SRGB_007.PNG 33.781 0.898 3.037
0005_NOISY_SRGB_033.PNG 33.913 0.902 3.076
0005_NOISY_SRGB_016.PNG 33.806 0.898 3.033
0005_NOISY_SRGB_104.PNG 33.301 0.890 2.953
0005_NOISY_SRGB_030.PNG 33.877 0.901 3.077
0005_NOISY_SRGB_001.PNG 33.741 0.897 3.025
0005_NOISY_SRGB_079.PNG 33.159 0.898 3.028
0005_NOISY_SRGB_050.PNG 33.835 0.901 3.062
0005_NOISY_SRGB_143.PNG 33.735 0.897 3.017
0005_NOISY_SRGB_082.PNG 33.304 0.899 3.025
0005_NOISY_SRGB_044.PNG 33.925 0.902 3.078
0005_NOISY_SRGB_111.PNG 33.383 0.891 2.960
0005_NOISY_SRGB_075.PNG 33.540 0.900 3.044
0005_NOISY_SRGB_147.PNG 33.741 0.897 3.024
0005_NOISY_SRGB_021.PNG 33.928 0.902 3.065
0005_NOISY_SRGB_032.PNG 33.886 0.901 3.073
0005_NOISY_SRGB_073.PNG 33.479 0.899 3.030
0005_NOISY_SRGB_027.PNG 33.925 0.902 3.080
0005_NOISY_SRGB_121.PNG 33.475 0.893 2.974
0005_NOISY_SRGB_020.PNG 33.811 0.899 3.039
0005_NOISY_SRGB_126.PNG 33.499 0.893 2.978
0005_NOISY_SRGB_056.PNG 33.735 0.901 3.059
0005_NOISY_SRGB_040.PNG 33.840 0.901 3.080
0005_NOISY_SRGB_057.PNG 33.815 0.901 3.063
0005_NOISY_SRGB_064.PNG 33.548 0.900 3.044
0005_NOISY_SRGB_119.PNG 33.456 0.892 2.974
