sidd_small/0197_009_IP_00100_00200_5500_L/NOISY_SRGB_010.PNG 33.693 0.823 0.986 0.751 0.875 0.976 2.550
sidd_small/0029_001_IP_00800_01000_5500_N/NOISY_SRGB_010.PNG 32.044 0.925 0.992 0.754 0.865 0.972 1.934
sidd_small/0065_003_GP_10000_08460_4400_N/NOISY_SRGB_010.PNG 18.696 0.326 0.985 0.238 0.504 0.955 1.185
sidd_small/0075_004_N6_00800_00080_3200_L/NOISY_SRGB_010.PNG 27.393 0.661 0.992 0.528 0.778 0.967 2.516
sidd_small/0102_005_S6_00400_00200_4400_L/NOISY_SRGB_010.PNG 27.530 0.740 0.992 0.669 0.808 0.970 1.586
sidd_small/0106_005_GP_00400_00400_4400_N/NOISY_SRGB_010.PNG 34.661 0.947 0.997 0.867 0.919 0.977 3.248
sidd_small/0198_010_GP_00100_00200_5500_N/NOISY_SRGB_010.PNG 37.289 0.980 0.999 0.893 0.931 0.981 3.655
sidd_small/0130_006_GP_00400_00400_4400_N/NOISY_SRGB_010.PNG 34.848 0.934 0.999 0.869 0.918 0.978 3.435
sidd_small/0092_004_IP_00640_00125_3200_L/NOISY_SRGB_010.PNG 33.204 0.866 0.994 0.651 0.847 0.974 3.029
sidd_small/0034_002_GP_00100_00160_3200_N/NOISY_SRGB_010.PNG 37.090 0.986 0.997 0.905 0.931 0.982 3.599
sidd_small/0129_006_GP_00100_00100_4400_N/NOISY_SRGB_010.PNG 38.648 0.976 0.999 0.905 0.937 0.981 3.803
sidd_small/0073_003_IP_00200_01000_5500_L/NOISY_SRGB_010.PNG 30.373 0.647 0.978 0.595 0.823 0.971 1.417
sidd_small/0018_001_GP_00100_00160_5500_L/NOISY_SRGB_010.PNG 36.815 0.880 0.997 0.904 0.945 0.979 2.645
sidd_small/0104_005_S6_03200_01600_4400_L/NOISY_SRGB_010.PNG 17.927 0.352 0.936 0.161 0.358 0.952 0.585
sidd_small/0126_006_S6_00400_00200_4400_L/NOISY_SRGB_010.PNG 27.815 0.686 0.997 0.643 0.818 0.969 1.783
sidd_small/0005_001_S6_00100_00060_4400_N/NOISY_SRGB_010.PNG 36.210 0.948 0.999 0.891 0.926 0.980 3.445
sidd_small/0150_007_S6_00100_00100_5500_L/NOISY_SRGB_010.PNG 34.219 0.866 0.999 0.808 0.909 0.977 2.808
sidd_small/0032_001_IP_00800_01000_3200_N/NOISY_SRGB_010.PNG 29.744 0.704 0.991 0.719 0.851 0.970 1.790
sidd_small/0199_010_GP_00800_01600_5500_N/NOISY_SRGB_010.PNG 30.766 0.904 0.997 0.799 0.884 0.975 3.122
sidd_small/0059_003_G4_00800_01000_5500_L/NOISY_SRGB_010.PNG 27.492 0.563 0.982 0.541 0.783 0.967 1.463
sidd_small/0076_004_N6_03200_00320_3200_L/NOISY_SRGB_010.PNG 22.569 0.451 0.966 0.180 0.579 0.958 1.738
sidd_small/0096_005_N6_01600_01000_3200_L/NOISY_SRGB_010.PNG 23.068 0.446 0.906 0.332 0.612 0.958 0.732
sidd_small/0062_003_S6_03200_02500_4400_L/NOISY_SRGB_010.PNG 19.284 0.306 0.945 0.097 0.395 0.952 0.790
sidd_small/0027_001_G4_00800_00350_5500_L/NOISY_SRGB_010.PNG 26.928 0.596 0.983 0.624 0.811 0.967 1.348
sidd_small/0052_002_S6_01600_01000_5500_N/NOISY_SRGB_010.PNG 22.846 0.755 0.991 0.548 0.683 0.964 1.975
sidd_small/0003_001_S6_00100_00060_3200_H/NOISY_SRGB_010.PNG 34.443 0.970 0.999 0.889 0.924 0.978 3.405
sidd_small/0169_008_N6_00800_00400_4400_L/NOISY_SRGB_010.PNG 28.938 0.655 0.988 0.414 0.750 0.969 2.125
sidd_small/0111_005_IP_00400_00400_5500_L/NOISY_SRGB_010.PNG 29.616 0.731 0.982 0.736 0.842 0.972 1.659
sidd_small/0101_005_S6_00100_00050_4400_L/NOISY_SRGB_010.PNG 34.113 0.936 0.996 0.833 0.899 0.977 2.646
sidd_small/0072_003_IP_01000_02000_5500_L/NOISY_SRGB_010.PNG 32.486 0.749 0.944 0.568 0.824 0.973 1.160
sidd_small/0105_005_GP_00100_00100_4400_N/NOISY_SRGB_010.PNG 38.540 0.975 0.998 0.899 0.936 0.981 3.789
sidd_small/0002_001_S6_00100_00020_3200_N/NOISY_SRGB_010.PNG 34.934 0.915 0.999 0.880 0.921 0.978 3.064
sidd_small/0152_007_S6_01600_01600_5500_L/NOISY_SRGB_010.PNG 21.283 0.320 0.985 0.122 0.494 0.956 0.900
sidd_small/0020_001_GP_00800_00350_5500_N/NOISY_SRGB_010.PNG 32.166 0.880 0.999 0.828 0.906 0.975 3.298
sidd_small/0135_006_IP_00400_00400_5500_N/NOISY_SRGB_010.PNG 30.770 0.829 0.998 0.789 0.882 0.974 2.841
sidd_small/0173_008_G4_00400_00400_4400_N/NOISY_SRGB_010.PNG 31.392 0.859 0.995 0.699 0.809 0.974 3.176
sidd_small/0057_003_G4_00100_00125_5500_L/NOISY_SRGB_010.PNG 35.714 0.870 0.994 0.858 0.918 0.977 2.745
sidd_small/0140_006_IP_00800_00800_3200_L/NOISY_SRGB_010.PNG 32.472 0.807 0.973 0.616 0.831 0.972 1.420
sidd_small/0068_003_IP_00200_00400_3200_N/NOISY_SRGB_010.PNG 31.489 0.844 0.996 0.751 0.854 0.972 2.883
sidd_small/0089_004_IP_00500_00250_5500_N/NOISY_SRGB_010.PNG 31.515 0.838 0.998 0.713 0.849 0.973 3.182
sidd_small/0086_004_GP_00100_00100_5500_L/NOISY_SRGB_010.PNG 38.463 0.919 0.993 0.838 0.942 0.982 3.555
sidd_small/0083_004_GP_00050_00020_4400_N/NOISY_SRGB_010.PNG 36.693 0.962 0.999 0.897 0.926 0.981 3.758
sidd_small/0110_005_IP_00100_00100_5500_L/NOISY_SRGB_010.PNG 33.267 0.896 0.992 0.841 0.900 0.976 2.628
sidd_small/0006_001_S6_00100_00060_4400_H/NOISY_SRGB_010.PNG 36.538 0.977 0.999 0.925 0.946 0.981 3.451
sidd_small/0081_004_S6_00800_00160_4400_L/NOISY_SRGB_010.PNG 25.896 0.616 0.995 0.398 0.715 0.964 2.151
sidd_small/0185_008_IP_00400_00400_3200_L/NOISY_SRGB_010.PNG 32.364 0.790 0.989 0.524 0.793 0.974 2.823
sidd_small/0159_007_IP_00100_00100_3200_L/NOISY_SRGB_010.PNG 34.493 0.943 0.999 0.801 0.903 0.978 2.947
sidd_small/0127_006_S6_01600_00800_4400_L/NOISY_SRGB_010.PNG 21.207 0.432 0.984 0.274 0.554 0.957 0.981
sidd_small/0133_006_GP_00800_01600_5500_L/NOISY_SRGB_010.PNG 30.388 0.680 0.967 0.614 0.830 0.971 1.379
sidd_small/0188_008_IP_00100_00100_3200_N/NOISY_SRGB_010.PNG 29.143 0.903 0.996 0.674 0.726 0.973 3.614
sidd_small/0064_003_GP_01600_01600_4400_N/NOISY_SRGB_010.PNG 28.653 0.734 0.997 0.710 0.841 0.971 2.580
sidd_small/0036_002_GP_06400_03200_3200_N/NOISY_SRGB_010.PNG 20.648 0.679 0.984 0.486 0.642 0.961 1.960
sidd_small/0144_007_N6_01600_01600_4400_N/NOISY_SRGB_010.PNG 24.249 0.545 0.999 0.476 0.735 0.965 1.872
sidd_small/0007_001_S6_00100_00100_5500_L/NOISY_SRGB_010.PNG 33.907 0.851 0.994 0.841 0.900 0.976 2.262
sidd_small/0122_006_G4_00100_00050_3200_N/NOISY_SRGB_010.PNG 36.258 0.945 0.999 0.874 0.918 0.978 3.438
sidd_small/0115_005_IP_00400_00750_5500_N/NOISY_SRGB_010.PNG 30.364 0.839 0.990 0.781 0.865 0.972 2.194
sidd_small/0172_008_G4_00100_00100_4400_N/NOISY_SRGB_010.PNG 31.703 0.907 0.993 0.702 0.780 0.975 3.531
sidd_small/0132_006_GP_00100_00200_5500_L/NOISY_SRGB_010.PNG 35.550 0.845 0.994 0.873 0.936 0.979 2.619
sidd_small/0136_006_IP_00800_00800_5500_N/NOISY_SRGB_010.PNG 29.962 0.761 0.996 0.747 0.867 0.974 2.435
sidd_small/0182_008_GP_03200_03200_5500_N/NOISY_SRGB_010.PNG 24.829 0.583 0.991 0.453 0.685 0.964 2.378
sidd_small/0048_002_N6_00100_00100_5500_L/NOISY_SRGB_010.PNG 35.950 0.919 0.991 0.844 0.920 0.978 3.017
sidd_small/0069_003_IP_01000_02000_3200_N/NOISY_SRGB_010.PNG 30.752 0.710 0.991 0.668 0.833 0.972 1.876
sidd_small/0166_007_IP_01600_01600_3200_N/NOISY_SRGB_010.PNG 30.375 0.808 0.998 0.580 0.827 0.971 1.801
sidd_small/0004_001_S6_00100_00060_4400_L/NOISY_SRGB_010.PNG 35.203 0.877 0.997 0.872 0.917 0.977 2.798
sidd_small/0030_001_IP_01600_02000_5500_N/NOISY_SRGB_010.PNG 30.349 0.839 0.997 0.841 0.904 0.972 2.935
sidd_small/0193_009_IP_00800_02000_3200_N/NOISY_SRGB_010.PNG 30.933 0.718 0.990 0.676 0.831 0.972 2.360
sidd_small/0142_007_N6_00100_00100_4400_N/NOISY_SRGB_010.PNG 37.935 0.977 1.000 0.880 0.927 0.981 3.629
sidd_small/0066_003_GP_00100_00200_3200_L/NOISY_SRGB_010.PNG 37.187 0.898 0.993 0.894 0.943 0.981 2.536
sidd_small/0114_005_IP_00100_00200_5500_N/NOISY_SRGB_010.PNG 33.925 0.951 0.996 0.855 0.906 0.977 3.188
sidd_small/0156_007_GP_00800_00800_5500_N/NOISY_SRGB_010.PNG 32.624 0.874 0.999 0.808 0.889 0.975 3.226
sidd_small/0080_004_S6_00200_00050_3200_N/NOISY_SRGB_010.PNG 31.480 0.820 0.998 0.697 0.861 0.973 2.950
sidd_small/0117_005_IP_01600_04160_5500_N/NOISY_SRGB_010.PNG 29.182 0.659 0.961 0.660 0.812 0.969 1.127
sidd_small/0023_001_N6_00800_00350_5500_N/NOISY_SRGB_010.PNG 29.025 0.732 0.997 0.735 0.861 0.972 2.183
sidd_small/0145_007_N6_03200_03200_4400_N/NOISY_SRGB_010.PNG 19.838 0.358 0.997 0.260 0.559 0.957 1.310
sidd_small/0054_003_N6_00100_00160_5500_N/NOISY_SRGB_010.PNG 35.083 0.908 0.997 0.875 0.917 0.977 3.252
sidd_small/0146_007_N6_00400_00400_4400_N/NOISY_SRGB_010.PNG 32.778 0.861 0.999 0.796 0.889 0.977 3.158
sidd_small/0088_004_IP_00100_00050_5500_N/NOISY_SRGB_010.PNG 33.713 0.927 0.999 0.826 0.887 0.978 3.590
sidd_small/0200_010_GP_01600_03200_5500_N/NOISY_SRGB_010.PNG 27.337 0.817 0.997 0.707 0.836 0.970 2.667
sidd_small/0138_006_IP_00100_00100_3200_L/NOISY_SRGB_010.PNG 33.662 0.895 0.997 0.812 0.899 0.976 2.712
sidd_small/0195_009_IP_01600_04000_5500_L/NOISY_SRGB_010.PNG 33.826 0.783 0.885 0.561 0.842 0.976 1.288
sidd_small/0192_009_IP_00100_00200_3200_N/NOISY_SRGB_010.PNG 34.289 0.950 0.998 0.847 0.897 0.976 3.353
sidd_small/0035_002_GP_00800_00350_3200_N/NOISY_SRGB_010.PNG 31.348 0.945 0.996 0.847 0.895 0.976 3.259
sidd_small/0118_006_N6_00100_00025_3200_L/NOISY_SRGB_010.PNG 36.259 0.922 0.998 0.886 0.934 0.979 3.095
sidd_small/0044_002_IP_00100_00180_5500_N/NOISY_SRGB_010.PNG 34.404 0.974 0.997 0.858 0.903 0.979 3.444
sidd_small/0184_008_IP_00100_00100_3200_L/NOISY_SRGB_010.PNG 32.285 0.858 0.994 0.650 0.800 0.976 3.358
sidd_small/0191_008_IP_01600_01600_3200_N/NOISY_SRGB_010.PNG 32.155 0.790 0.994 0.604 0.825 0.973 2.650
sidd_small/0107_005_GP_01600_01600_4400_N/NOISY_SRGB_010.PNG 27.881 0.769 0.993 0.732 0.848 0.971 2.166
sidd_small/0149_007_G4_00800_00800_4400_L/NOISY_SRGB_010.PNG 26.127 0.556 0.998 0.470 0.771 0.966 1.312
sidd_small/0164_007_IP_00400_00400_3200_N/NOISY_SRGB_010.PNG 32.107 0.934 0.999 0.739 0.876 0.975 2.765
sidd_small/0137_006_IP_01600_01600_5500_N/NOISY_SRGB_010.PNG 29.293 0.692 0.993 0.683 0.842 0.972 1.968
sidd_small/0178_008_S6_01600_00400_5500_L/NOISY_SRGB_010.PNG 23.674 0.510 0.990 0.275 0.581 0.961 1.866
sidd_small/0045_002_G4_00100_00060_3200_L/NOISY_SRGB_010.PNG 35.557 0.925 0.992 0.856 0.920 0.978 2.767
sidd_small/0050_002_N6_03200_03200_5500_L/NOISY_SRGB_010.PNG 22.394 0.389 0.886 0.124 0.519 0.955 1.013
sidd_small/0097_005_N6_03200_02000_3200_L/NOISY_SRGB_010.PNG 20.938 0.373 0.831 0.161 0.467 0.954 0.622
sidd_small/0167_008_N6_00100_00050_4400_L/NOISY_SRGB_010.PNG 35.676 0.897 0.994 0.730 0.869 0.979 3.462
sidd_small/0063_003_GP_00100_00100_4400_N/NOISY_SRGB_010.PNG 37.791 0.963 0.999 0.920 0.940 0.980 3.629
sidd_small/0196_009_IP_00800_02000_5500_L/NOISY_SRGB_010.PNG 31.597 0.721 0.947 0.586 0.825 0.972 1.577
sidd_small/0043_002_IP_00800_01520_5500_N/NOISY_SRGB_010.PNG 31.898 0.894 0.989 0.754 0.859 0.974 2.761
sidd_small/0190_008_IP_00800_00800_3200_N/NOISY_SRGB_010.PNG 31.879 0.823 0.997 0.653 0.823 0.974 3.012
sidd_small/0022_001_N6_00100_00060_5500_N/NOISY_SRGB_010.PNG 37.756 0.946 0.999 0.900 0.940 0.981 3.568
sidd_small/0123_006_G4_00400_00160_3200_N/NOISY_SRGB_010.PNG 31.667 0.862 0.999 0.826 0.893 0.975 3.001
sidd_small/0012_001_S6_00800_00500_5500_N/NOISY_SRGB_010.PNG 25.569 0.664 0.992 0.632 0.770 0.967 1.882
sidd_small/0147_007_G4_00100_00100_4400_L/NOISY_SRGB_010.PNG 35.515 0.897 0.998 0.853 0.923 0.978 2.837
sidd_small/0033_001_IP_00100_00160_3200_N/NOISY_SRGB_010.PNG 29.627 0.670 0.985 0.675 0.832 0.970 1.390
sidd_small/0001_001_S6_00100_00060_3200_L/NOISY_SRGB_010.PNG 34.017 0.845 0.995 0.854 0.907 0.977 2.256
sidd_small/0157_007_GP_01600_01600_5500_N/NOISY_SRGB_010.PNG 28.801 0.755 0.998 0.689 0.832 0.969 2.714
sidd_small/0189_008_IP_00400_00400_3200_N/NOISY_SRGB_010.PNG 31.442 0.865 0.997 0.671 0.793 0.975 3.344
sidd_small/0120_006_N6_01600_00400_3200_L/NOISY_SRGB_010.PNG 22.795 0.509 0.982 0.368 0.638 0.960 1.092
sidd_small/0186_008_IP_00800_00800_3200_L/NOISY_SRGB_010.PNG 33.573 0.795 0.979 0.477 0.807 0.975 2.564
sidd_small/0160_007_IP_00400_00400_3200_L/NOISY_SRGB_010.PNG 30.384 0.810 0.998 0.602 0.833 0.972 1.887
sidd_small/0175_008_S6_00100_00025_5500_L/NOISY_SRGB_010.PNG 34.476 0.913 0.996 0.760 0.861 0.977 3.497
sidd_small/0194_009_IP_01600_04000_3200_N/NOISY_SRGB_010.PNG 30.913 0.700 0.986 0.655 0.827 0.972 2.176
sidd_small/0078_004_G4_00200_00050_3200_N/NOISY_SRGB_010.PNG 33.021 0.902 0.998 0.819 0.894 0.977 3.305
sidd_small/0055_003_N6_00800_01000_5500_N/NOISY_SRGB_010.PNG 28.076 0.666 0.995 0.642 0.808 0.969 2.242
sidd_small/0084_004_GP_00200_00100_4400_N/NOISY_SRGB_010.PNG 34.928 0.928 0.999 0.867 0.913 0.979 3.622
sidd_small/0139_006_IP_00200_00200_3200_L/NOISY_SRGB_010.PNG 30.505 0.814 0.995 0.717 0.854 0.972 2.080
sidd_small/0051_002_S6_00100_00060_5500_N/NOISY_SRGB_010.PNG 34.537 0.973 0.996 0.865 0.901 0.978 3.323
sidd_small/0134_006_IP_00100_00100_5500_N/NOISY_SRGB_010.PNG 34.636 0.944 0.999 0.862 0.910 0.979 3.539
sidd_small/0091_004_IP_00320_00080_3200_L/NOISY_SRGB_010.PNG 32.575 0.872 0.996 0.672 0.846 0.973 3.098
sidd_small/0015_001_S6_03200_01600_5500_L/NOISY_SRGB_010.PNG 18.139 0.360 0.900 0.158 0.376 0.952 0.548
sidd_small/0047_002_G4_00800_00640_3200_L/NOISY_SRGB_010.PNG 27.370 0.677 0.977 0.557 0.781 0.966 1.419
sidd_small/0125_006_S6_00100_00050_4400_L/NOISY_SRGB_010.PNG 34.579 0.893 0.998 0.840 0.911 0.977 3.019
sidd_small/0016_001_S6_03200_01600_5500_N/NOISY_SRGB_010.PNG 18.825 0.450 0.974 0.308 0.494 0.954 1.057
sidd_small/0070_003_IP_02000_04000_3200_N/NOISY_SRGB_010.PNG 30.744 0.676 0.979 0.611 0.825 0.972 1.427
sidd_small/0181_008_GP_00800_00800_5500_N/NOISY_SRGB_010.PNG 29.849 0.808 0.995 0.667 0.768 0.973 3.361
sidd_small/0121_006_N6_03200_01000_3200_L/NOISY_SRGB_010.PNG 20.811 0.436 0.945 0.162 0.461 0.955 0.826
sidd_small/0099_005_G4_00400_00200_3200_N/NOISY_SRGB_010.PNG 31.216 0.907 0.997 0.833 0.900 0.975 2.573
sidd_small/0011_001_S6_00800_00500_5500_L/NOISY_SRGB_010.PNG 24.462 0.548 0.962 0.494 0.703 0.963 1.071
sidd_small/0077_004_G4_00100_00025_3200_N/NOISY_SRGB_010.PNG 34.847 0.934 0.998 0.858 0.911 0.978 3.468
sidd_small/0039_002_IP_00100_00180_5500_L/NOISY_SRGB_010.PNG 34.125 0.924 0.992 0.809 0.887 0.977 3.069
sidd_small/0098_005_G4_00100_00050_3200_N/NOISY_SRGB_010.PNG 36.568 0.977 0.998 0.886 0.926 0.979 3.342
sidd_small/0010_001_S6_00800_00350_3200_N/NOISY_SRGB_010.PNG 25.198 0.702 0.993 0.629 0.768 0.967 1.842
sidd_small/0108_005_GP_06400_06400_4400_N/NOISY_SRGB_010.PNG 19.796 0.424 0.971 0.377 0.578 0.957 0.955
sidd_small/0008_001_S6_00100_00100_5500_N/NOISY_SRGB_010.PNG 35.666 0.934 0.999 0.888 0.921 0.979 3.390
sidd_small/0025_001_G4_00100_00060_5500_L/NOISY_SRGB_010.PNG 35.416 0.879 0.997 0.887 0.935 0.977 2.672
sidd_small/0013_001_S6_03200_01250_3200_L/NOISY_SRGB_010.PNG 18.230 0.358 0.892 0.160 0.377 0.952 0.537
sidd_small/0042_002_IP_01600_03100_5500_N/NOISY_SRGB_010.PNG 32.105 0.861 0.982 0.717 0.848 0.973 2.489
sidd_small/0014_001_S6_03200_01250_3200_N/NOISY_SRGB_010.PNG 18.594 0.469 0.977 0.303 0.491 0.955 1.019
sidd_small/0028_001_IP_00100_00160_5500_N/NOISY_SRGB_010.PNG 30.941 0.857 0.984 0.700 0.842 0.971 1.375
sidd_small/0019_001_GP_00800_00640_5500_L/NOISY_SRGB_010.PNG 29.240 0.636 0.993 0.724 0.869 0.970 1.696
sidd_small/0087_004_GP_00800_00640_5500_L/NOISY_SRGB_010.PNG 32.761 0.811 0.977 0.618 0.877 0.971 2.705
sidd_small/0161_007_IP_00800_00800_3200_L/NOISY_SRGB_010.PNG 30.733 0.762 0.994 0.516 0.813 0.971 1.509
sidd_small/0163_007_IP_00100_00100_3200_N/NOISY_SRGB_010.PNG 35.527 0.988 1.000 0.855 0.915 0.980 3.557
sidd_small/0155_007_GP_00100_00100_5500_N/NOISY_SRGB_010.PNG 38.971 0.974 0.999 0.906 0.937 0.981 3.796
sidd_small/0170_008_N6_01600_00800_4400_L/NOISY_SRGB_010.PNG 26.347 0.565 0.971 0.229 0.645 0.963 1.646
sidd_small/0017_001_GP_00100_00060_5500_N/NOISY_SRGB_010.PNG 37.937 0.968 0.999 0.897 0.940 0.981 3.855
sidd_small/0180_008_GP_00100_00100_5500_N/NOISY_SRGB_010.PNG 29.099 0.840 0.993 0.670 0.742 0.974 3.573
sidd_small/0090_004_IP_01600_00750_5500_N/NOISY_SRGB_010.PNG 32.390 0.818 0.993 0.637 0.841 0.973 2.991
sidd_small/0168_008_N6_00400_00200_4400_L/NOISY_SRGB_010.PNG 31.891 0.770 0.993 0.607 0.831 0.973 2.699
sidd_small/0154_007_S6_00400_00400_5500_L/NOISY_SRGB_010.PNG 27.041 0.577 0.997 0.493 0.787 0.967 1.617
sidd_small/0116_005_IP_00800_01520_5500_N/NOISY_SRGB_010.PNG 29.687 0.753 0.984 0.746 0.847 0.972 1.692
sidd_small/0113_005_IP_01600_01520_5500_L/NOISY_SRGB_010.PNG 29.895 0.666 0.932 0.612 0.806 0.970 0.969
sidd_small/0165_007_IP_00800_00800_3200_N/NOISY_SRGB_010.PNG 31.051 0.879 0.999 0.673 0.855 0.972 2.304
sidd_small/0038_002_GP_00800_00640_3200_L/NOISY_SRGB_010.PNG 30.509 0.811 0.980 0.715 0.858 0.972 2.357
sidd_small/0177_008_S6_00800_00200_5500_L/NOISY_SRGB_010.PNG 26.452 0.645 0.994 0.467 0.705 0.967 2.358
sidd_small/0060_003_S6_00100_00100_4400_L/NOISY_SRGB_010.PNG 34.696 0.867 0.994 0.843 0.907 0.976 2.879
sidd_small/0179_008_S6_03200_00800_5500_L/NOISY_SRGB_010.PNG 21.031 0.408 0.981 0.104 0.411 0.954 1.437
sidd_small/0151_007_S6_00800_00800_5500_L/NOISY_SRGB_010.PNG 23.880 0.422 0.994 0.284 0.664 0.962 1.182
sidd_small/0094_005_N6_00100_00050_3200_L/NOISY_SRGB_010.PNG 35.286 0.895 0.993 0.876 0.927 0.978 2.441
sidd_small/0040_002_IP_00800_02000_5500_L/NOISY_SRGB_010.PNG 32.420 0.779 0.949 0.598 0.819 0.973 1.861
