additive0-01/08.png 39.785 0.951 1.000 0.978 0.981 0.993 4.619
additive0-01/12.png 39.772 0.968 1.000 0.982 0.983 0.994 4.620
additive0-01/01.png 40.207 0.958 1.000 0.979 0.982 0.993 4.768
additive0-01/02.png 39.782 0.946 1.000 0.977 0.980 0.993 4.773
additive0-01/06.png 39.805 0.958 1.000 0.984 0.984 0.993 4.773
additive0-01/04.png 39.770 0.975 1.000 0.989 0.985 0.994 4.772
additive0-01/03.png 40.053 0.966 1.000 0.985 0.984 0.994 4.774
additive0-01/05.png 39.825 0.967 1.000 0.989 0.986 0.995 4.775
additive0-01/11.png 39.764 0.962 1.000 0.983 0.982 0.993 4.619
additive0-01/09.png 39.790 0.966 1.000 0.981 0.982 0.994 4.622
additive0-01/10.png 39.815 0.966 1.000 0.982 0.984 0.993 4.620
additive0-01/07.png 39.988 0.960 1.000 0.984 0.984 0.992 4.765
additive0-03/08.png 30.432 0.713 1.000 0.881 0.928 0.988 4.306
additive0-03/12.png 30.479 0.798 1.000 0.902 0.939 0.990 4.304
additive0-03/01.png 31.090 0.775 1.000 0.892 0.939 0.989 4.550
additive0-03/02.png 30.401 0.698 1.000 0.863 0.924 0.989 4.517
additive0-03/06.png 30.426 0.760 1.000 0.910 0.940 0.988 4.527
additive0-03/04.png 30.425 0.836 1.000 0.947 0.951 0.990 4.543
additive0-03/03.png 30.473 0.777 1.000 0.928 0.945 0.990 4.539
additive0-03/05.png 30.421 0.803 1.000 0.941 0.953 0.991 4.542
additive0-03/11.png 30.437 0.770 1.000 0.908 0.935 0.989 4.314
additive0-03/09.png 30.430 0.793 1.000 0.898 0.934 0.990 4.309
additive0-03/10.png 30.501 0.784 1.000 0.897 0.941 0.989 4.305
additive0-03/07.png 30.917 0.779 1.000 0.921 0.947 0.988 4.550
additive0-05/08.png 26.019 0.511 1.000 0.739 0.858 0.985 4.105
additive0-05/12.png 26.050 0.626 1.000 0.776 0.876 0.987 4.114
additive0-05/01.png 26.658 0.604 1.000 0.769 0.883 0.985 4.405
additive0-05/02.png 26.051 0.502 1.000 0.727 0.856 0.986 4.370
additive0-05/06.png 26.031 0.596 1.000 0.806 0.885 0.986 4.364
additive0-05/04.png 26.061 0.692 1.000 0.879 0.903 0.987 4.388
additive0-05/03.png 26.050 0.605 1.000 0.833 0.888 0.987 4.376
additive0-05/05.png 26.049 0.655 1.000 0.865 0.906 0.988 4.383
additive0-05/11.png 26.011 0.585 1.000 0.797 0.873 0.987 4.115
additive0-05/09.png 26.031 0.634 1.000 0.783 0.870 0.987 4.115
additive0-05/10.png 26.052 0.601 1.000 0.767 0.878 0.987 4.118
additive0-05/07.png 26.374 0.601 1.000 0.822 0.898 0.986 4.389
additive0-10/08.png 20.091 0.264 1.000 0.438 0.656 0.980 3.737
additive0-10/12.png 20.125 0.365 1.000 0.484 0.681 0.981 3.710
additive0-10/01.png 20.448 0.345 0.999 0.467 0.702 0.978 4.152
additive0-10/02.png 20.059 0.267 1.000 0.419 0.661 0.981 4.021
additive0-10/06.png 20.184 0.382 1.000 0.548 0.722 0.978 4.017
additive0-10/04.png 20.268 0.452 1.000 0.681 0.762 0.981 4.149
additive0-10/03.png 20.152 0.368 1.000 0.591 0.723 0.982 4.130
additive0-10/05.png 20.108 0.434 1.000 0.640 0.761 0.982 4.138
additive0-10/11.png 20.083 0.324 1.000 0.508 0.678 0.981 3.788
additive0-10/09.png 20.128 0.396 1.000 0.498 0.677 0.981 3.773
additive0-10/10.png 20.107 0.340 0.999 0.462 0.679 0.977 3.762
additive0-10/07.png 20.497 0.371 1.000 0.569 0.736 0.981 4.123
blur0-50/08.png 41.939 0.987 1.000 0.993 0.990 0.995 4.673
blur0-50/12.png 38.208 0.979 1.000 0.991 0.988 0.994 4.601
blur0-50/01.png 34.523 0.976 1.000 0.988 0.987 0.994 4.672
blur0-50/02.png 41.373 0.986 1.000 0.992 0.989 0.995 4.795
blur0-50/06.png 34.885 0.982 1.000 0.991 0.989 0.993 4.699
blur0-50/04.png 37.428 0.988 1.000 0.992 0.988 0.995 4.717
blur0-50/03.png 36.884 0.985 1.000 0.993 0.989 0.994 4.747
blur0-50/05.png 36.646 0.990 1.000 0.991 0.988 0.995 4.676
blur0-50/11.png 39.132 0.984 1.000 0.992 0.989 0.995 4.616
blur0-50/09.png 33.658 0.974 1.000 0.992 0.990 0.995 4.554
blur0-50/10.png 38.160 0.975 1.000 0.992 0.990 0.994 4.600
blur0-50/07.png 34.879 0.977 1.000 0.989 0.987 0.993 4.666
blur1-00/08.png 33.160 0.914 1.000 0.964 0.967 0.991 4.384
blur1-00/12.png 29.382 0.851 1.000 0.939 0.947 0.989 4.302
blur1-00/01.png 26.086 0.855 1.000 0.935 0.948 0.991 4.405
blur1-00/02.png 32.212 0.897 1.000 0.955 0.962 0.991 4.565
blur1-00/06.png 26.244 0.872 1.000 0.934 0.943 0.988 4.424
blur1-00/04.png 28.180 0.891 1.000 0.949 0.944 0.990 4.442
blur1-00/03.png 27.950 0.904 1.000 0.948 0.951 0.988 4.485
blur1-00/05.png 27.287 0.918 1.000 0.934 0.939 0.990 4.376
blur1-00/11.png 30.601 0.878 1.000 0.951 0.954 0.991 4.317
blur1-00/09.png 25.557 0.799 1.000 0.955 0.961 0.990 4.278
blur1-00/10.png 29.566 0.848 1.000 0.945 0.953 0.990 4.299
blur1-00/07.png 26.252 0.886 1.000 0.943 0.949 0.989 4.382
blur1-50/08.png 30.155 0.859 1.000 0.900 0.921 0.989 4.292
blur1-50/12.png 26.773 0.744 1.000 0.830 0.874 0.986 4.233
blur1-50/01.png 23.828 0.774 1.000 0.821 0.877 0.986 4.349
blur1-50/02.png 29.202 0.840 1.000 0.877 0.911 0.989 4.477
blur1-50/06.png 23.821 0.784 1.000 0.812 0.856 0.984 4.355
blur1-50/04.png 25.248 0.792 1.000 0.848 0.860 0.987 4.360
blur1-50/03.png 25.293 0.835 1.000 0.851 0.879 0.985 4.399
blur1-50/05.png 24.117 0.837 1.000 0.818 0.852 0.985 4.299
blur1-50/11.png 28.072 0.791 1.000 0.862 0.891 0.988 4.245
blur1-50/09.png 24.100 0.707 1.000 0.884 0.911 0.987 4.228
blur1-50/10.png 26.966 0.758 1.000 0.841 0.883 0.987 4.231
blur1-50/07.png 23.452 0.815 1.000 0.842 0.878 0.985 4.316
blur10-0/08.png 20.935 0.619 0.990 0.128 0.354 0.959 4.925
blur10-0/12.png 20.347 0.434 0.990 0.073 0.275 0.959 4.957
blur10-0/01.png 17.715 0.529 0.993 0.072 0.289 0.951 4.988
blur10-0/02.png 20.208 0.618 0.995 0.109 0.351 0.960 4.929
blur10-0/06.png 17.684 0.507 0.990 0.052 0.217 0.954 4.948
blur10-0/04.png 17.591 0.371 0.988 0.041 0.162 0.952 4.937
blur10-0/03.png 17.257 0.485 0.990 0.048 0.199 0.951 4.961
blur10-0/05.png 15.401 0.421 0.989 0.019 0.133 0.949 4.971
blur10-0/11.png 20.631 0.490 0.988 0.089 0.288 0.959 4.979
blur10-0/09.png 19.196 0.454 0.989 0.120 0.325 0.958 4.945
blur10-0/10.png 20.108 0.474 0.991 0.077 0.294 0.958 4.949
blur10-0/07.png 16.159 0.506 0.988 0.060 0.241 0.950 4.989
