additive0-01/08.png 40.305 0.953 1.000 0.970 0.975 0.992 4.582
additive0-01/12.png 39.402 0.957 1.000 0.971 0.976 0.993 4.571
additive0-01/01.png 40.047 0.960 1.000 0.962 0.973 0.991 4.728
additive0-01/02.png 41.323 0.967 1.000 0.973 0.977 0.992 4.766
additive0-01/06.png 39.103 0.953 1.000 0.958 0.969 0.990 4.704
additive0-01/04.png 40.076 0.977 1.000 0.984 0.982 0.994 4.741
additive0-01/03.png 39.835 0.961 1.000 0.976 0.977 0.993 4.730
additive0-01/05.png 40.936 0.980 1.000 0.984 0.982 0.994 4.753
additive0-01/11.png 39.902 0.962 1.000 0.968 0.974 0.992 4.549
additive0-01/09.png 39.039 0.957 1.000 0.959 0.968 0.992 4.514
additive0-01/10.png 37.649 0.925 1.000 0.959 0.971 0.991 4.509
additive0-01/07.png 39.525 0.964 1.000 0.965 0.972 0.990 4.696
additive0-03/08.png 35.548 0.913 1.000 0.911 0.939 0.989 4.383
additive0-03/12.png 33.724 0.894 1.000 0.894 0.931 0.990 4.336
additive0-03/01.png 34.208 0.921 1.000 0.914 0.945 0.990 4.582
additive0-03/02.png 35.829 0.906 1.000 0.916 0.944 0.989 4.597
additive0-03/06.png 33.820 0.924 1.000 0.912 0.939 0.989 4.565
additive0-03/04.png 33.147 0.926 1.000 0.938 0.945 0.990 4.538
additive0-03/03.png 34.603 0.928 1.000 0.931 0.943 0.990 4.569
additive0-03/05.png 34.369 0.954 1.000 0.952 0.957 0.992 4.580
additive0-03/11.png 33.926 0.902 1.000 0.901 0.928 0.990 4.318
additive0-03/09.png 34.589 0.932 1.000 0.910 0.936 0.989 4.338
additive0-03/10.png 33.493 0.874 1.000 0.889 0.931 0.989 4.308
additive0-03/07.png 33.870 0.923 1.000 0.918 0.941 0.988 4.547
additive0-05/08.png 33.332 0.879 1.000 0.849 0.902 0.987 4.263
additive0-05/12.png 31.062 0.841 1.000 0.807 0.879 0.986 4.198
additive0-05/01.png 31.231 0.873 1.000 0.849 0.909 0.987 4.478
additive0-05/02.png 33.979 0.877 1.000 0.881 0.922 0.988 4.523
additive0-05/06.png 30.897 0.892 1.000 0.861 0.905 0.986 4.426
additive0-05/04.png 30.339 0.883 1.000 0.880 0.900 0.987 4.425
additive0-05/03.png 32.017 0.897 1.000 0.876 0.904 0.988 4.452
additive0-05/05.png 31.381 0.925 1.000 0.911 0.923 0.990 4.454
additive0-05/11.png 31.205 0.842 1.000 0.815 0.872 0.987 4.187
additive0-05/09.png 31.914 0.898 1.000 0.855 0.900 0.988 4.222
additive0-05/10.png 31.102 0.824 1.000 0.799 0.878 0.987 4.189
additive0-05/07.png 30.984 0.882 1.000 0.862 0.906 0.986 4.428
additive0-10/08.png 30.026 0.802 1.000 0.713 0.815 0.982 4.100
additive0-10/12.png 27.139 0.715 1.000 0.607 0.742 0.981 4.049
additive0-10/01.png 28.126 0.794 0.999 0.727 0.840 0.981 4.364
additive0-10/02.png 30.417 0.808 1.000 0.774 0.857 0.985 4.369
additive0-10/06.png 27.238 0.815 0.999 0.739 0.819 0.982 4.209
additive0-10/04.png 26.777 0.789 1.000 0.732 0.785 0.982 4.265
additive0-10/03.png 28.352 0.819 1.000 0.755 0.820 0.984 4.326
additive0-10/05.png 27.850 0.853 0.999 0.798 0.846 0.984 4.280
additive0-10/11.png 27.943 0.735 1.000 0.635 0.752 0.982 4.100
additive0-10/09.png 28.019 0.806 1.000 0.724 0.814 0.983 4.107
additive0-10/10.png 27.785 0.726 0.999 0.607 0.756 0.979 4.067
additive0-10/07.png 27.695 0.802 1.000 0.746 0.831 0.982 4.249
blur0-50/08.png 41.018 0.973 1.000 0.990 0.988 0.994 4.647
blur0-50/12.png 38.034 0.974 1.000 0.990 0.988 0.994 4.596
blur0-50/01.png 34.304 0.959 1.000 0.980 0.982 0.993 4.664
blur0-50/02.png 41.127 0.982 1.000 0.990 0.988 0.994 4.786
blur0-50/06.png 34.505 0.960 1.000 0.983 0.982 0.992 4.680
blur0-50/04.png 37.329 0.985 1.000 0.992 0.988 0.995 4.714
blur0-50/03.png 36.605 0.974 1.000 0.990 0.988 0.993 4.738
blur0-50/05.png 36.409 0.982 1.000 0.989 0.987 0.995 4.670
blur0-50/11.png 38.771 0.976 1.000 0.989 0.987 0.994 4.600
blur0-50/09.png 33.261 0.949 1.000 0.981 0.982 0.993 4.513
blur0-50/10.png 37.184 0.947 1.000 0.987 0.987 0.993 4.573
blur0-50/07.png 34.916 0.976 1.000 0.987 0.985 0.993 4.665
blur1-00/08.png 33.160 0.914 1.000 0.964 0.967 0.991 4.384
blur1-00/12.png 29.394 0.852 1.000 0.939 0.948 0.989 4.303
blur1-00/01.png 26.094 0.857 1.000 0.938 0.949 0.991 4.403
blur1-00/02.png 32.210 0.897 1.000 0.955 0.961 0.991 4.565
blur1-00/06.png 26.243 0.872 1.000 0.934 0.943 0.988 4.424
blur1-00/04.png 28.180 0.890 1.000 0.949 0.944 0.990 4.442
blur1-00/03.png 27.952 0.904 1.000 0.948 0.951 0.988 4.485
blur1-00/05.png 27.286 0.917 1.000 0.934 0.939 0.990 4.376
blur1-00/11.png 30.600 0.878 1.000 0.951 0.954 0.991 4.317
blur1-00/09.png 25.556 0.799 1.000 0.954 0.961 0.990 4.278
blur1-00/10.png 29.567 0.848 1.000 0.945 0.953 0.990 4.299
blur1-00/07.png 26.273 0.892 1.000 0.947 0.952 0.989 4.381
blur1-50/08.png 30.155 0.859 1.000 0.900 0.921 0.989 4.292
blur1-50/12.png 26.778 0.745 1.000 0.831 0.874 0.986 4.233
blur1-50/01.png 23.833 0.776 1.000 0.824 0.878 0.986 4.347
blur1-50/02.png 29.202 0.840 1.000 0.877 0.910 0.989 4.477
blur1-50/06.png 23.821 0.784 1.000 0.812 0.856 0.984 4.355
blur1-50/04.png 25.248 0.792 1.000 0.848 0.860 0.987 4.360
blur1-50/03.png 25.293 0.835 1.000 0.851 0.879 0.985 4.399
blur1-50/05.png 24.117 0.837 1.000 0.818 0.852 0.985 4.299
blur1-50/11.png 28.072 0.791 1.000 0.862 0.891 0.988 4.245
blur1-50/09.png 24.100 0.707 1.000 0.884 0.911 0.987 4.228
blur1-50/10.png 26.967 0.758 1.000 0.841 0.883 0.987 4.231
blur1-50/07.png 23.459 0.817 1.000 0.846 0.880 0.986 4.314
blur10-0/08.png 20.935 0.619 0.990 0.128 0.354 0.959 4.925
blur10-0/12.png 20.347 0.434 0.990 0.073 0.275 0.959 4.957
blur10-0/01.png 17.715 0.529 0.993 0.073 0.289 0.951 4.988
blur10-0/02.png 20.208 0.618 0.995 0.109 0.351 0.960 4.929
blur10-0/06.png 17.684 0.507 0.990 0.052 0.217 0.954 4.948
blur10-0/04.png 17.591 0.371 0.988 0.041 0.162 0.952 4.937
blur10-0/03.png 17.257 0.485 0.990 0.048 0.199 0.951 4.961
blur10-0/05.png 15.401 0.421 0.989 0.019 0.133 0.949 4.971
blur10-0/11.png 20.631 0.490 0.988 0.089 0.288 0.959 4.979
blur10-0/09.png 19.196 0.454 0.989 0.120 0.325 0.958 4.945
blur10-0/10.png 20.108 0.474 0.991 0.077 0.294 0.958 4.949
blur10-0/07.png 16.159 0.506 0.988 0.060 0.241 0.950 4.989
